-1752792006
-1378344949
-367377687
1508658143
-208028596
308024276
979444116
1517707320
1084241774
1611496441
-1443847932
635098004
1387564915
-1279669433
-109868399
-597469796
-1270069003
-1260635201
-830287714
-394253497
1885220526
661662037
1819429903
-551874248
2034404870
1615320309
1881627895
-1941217180
-377345812
-1847733306
971793046
756373751
969011432
1513598641
2012167810
488159096
-1018765455
248804900
71849763
-2035222486
-1838252165
-771076590
-1790259868
525069493
-1926366124
-1579010498
498456998
-1092515834
1081264560
-340684103
-412449800
-356383630
-1856161534
631584937
-1647826043
-677525471
-167866356
-395705525
-2012901043
922528681
1909028025
-1420085958
-150775273
2140178169
628933162
-849401360
1886403494
-1876350856
-297919730
-266396787
-370783958
1087249005
85642550
-758185769
-1523838215
-18556255
1417337448
159827841
440110462
646998082
-444908942
-427921744
794555249
-958313463
1222748802
798148026
-1699014840
-1640268129
-1213358668
1418777392
784717805
-1026961092
728703725
-1776146402
2051452080
-567493487
1204147174
974431121
978091134
-1911768601
